Procedure Main (){
    matriz1 = [[1, 0, 0, 0, 0, 0, 0, 0],
          [1, 0, 0, 0, 0, 0, 0, 0],
          [1, 0, 0, 0, 0, 0, 0, 0],
          [1, 0, 0, 0, 0, 0, 0, 0],
          [1, 0, 0, 0, 0, 0, 0, 0],
          [1, 0, 0, 0, 0, 0, 0, 0],
          [1, 0, 0, 0, 0, 0, 0, 0],
          [1, 0, 0, 0, 0, 0, 0, 0]];
    matriz2 = [[1, 0, 0, 0, 0, 0, 0, 0],
          [1, 0, 0, 0, 0, 0, 0, 0],
          [1, 0, 0, 0, 0, 0, 0, 0],
          [1, 0, 0, 0, 0, 0, 0, 0],
          [1, 0, 0, 0, 0, 0, 0, 0],
          [1, 0, 0, 0, 0, 0, 0, 0],
          [1, 0, 0, 0, 0, 0, 0, 0],
          [1, 1, 1, 1, 1, 1, 1, 1]];
    matriz3 = [[1, 0, 0, 0, 0, 0, 0, 0],
          [1, 0, 0, 0, 0, 0, 0, 1],
          [1, 0, 0, 0, 0, 0, 0, 1],
          [1, 0, 0, 0, 0, 0, 0, 1],
          [1, 0, 0, 0, 0, 0, 0, 1],
          [1, 0, 0, 0, 0, 0, 0, 1],
          [1, 0, 0, 0, 0, 0, 0, 1],
          [1, 1, 1, 1, 1, 1, 1, 1]];
    matriz4 = [[1, 1, 1, 1, 1, 1, 1, 1],
          [1, 0, 0, 0, 0, 0, 0, 1],
          [1, 0, 0, 0, 0, 0, 0, 1],
          [1, 0, 0, 0, 0, 0, 0, 1],
          [1, 0, 0, 0, 0, 0, 0, 1],
          [1, 0, 0, 0, 0, 0, 0, 1],
          [1, 0, 0, 0, 0, 0, 0, 1],
          [1, 1, 1, 1, 1, 1, 1, 1]];
    matriz5 = [[1, 1, 1, 1, 1, 1, 1, 1],
          [1, 1, 0, 0, 0, 0, 1, 1],
          [1, 0, 1, 0, 0, 1, 0, 1],
          [1, 0, 0, 1, 1, 0, 0, 1],
          [1, 0, 0, 1, 1, 0, 0, 1],
          [1, 0, 1, 0, 0, 1, 0, 1],
          [1, 1, 0, 0, 0, 0, 1, 1],
          [1, 1, 1, 1, 1, 1, 1, 1]];
    PrintLedX("M",0,matriz1);
    Delay(1,"Seg");
    PrintLedX("M",0,matriz2);
    Delay(1,"Seg");
    PrintLedX("M",0,matriz3);
    Delay(1,"Seg");
    PrintLedX("M",0,matriz4);
    Delay(1,"Seg");
    PrintLedX("M",0,matriz5);
    Delay(1,"Seg");
};
