Procedure Main (){
    matriz1 = [[1, 0, 0, 0, 0, 0, 0, 0],
          [1, 0, 0, 0, 0, 0, 0, 0],
          [1, 0, 0, 0, 0, 0, 0, 0],
          [1, 0, 0, 0, 0, 0, 0, 0],
          [1, 0, 0, 0, 0, 0, 0, 0],
          [1, 0, 0, 0, 0, 0, 0, 0],
          [1, 0, 0, 0, 0, 0, 0, 0],
          [1, 0, 0, 0, 0, 0, 0, 0]];
    matriz2 = [[1, 0, 0, 0, 0, 0, 0, 0],
          [0, 1, 0, 0, 0, 0, 0, 0],
          [0, 0, 1, 0, 0, 0, 0, 0],
          [0, 0, 0, 1, 0, 0, 0, 0],
          [0, 0, 0, 0, 1, 0, 0, 0],
          [0, 0, 0, 0, 0, 1, 0, 0],
          [0, 0, 0, 0, 0, 0, 1, 0],
          [0, 0, 0, 0, 0, 0, 0, 1]];
    matriz3 = [[0, 0, 0, 0, 0, 0, 0, 0],
          [0, 0, 0, 0, 0, 0, 0, 0],
          [0, 0, 1, 1, 1, 1, 0, 0],
          [0, 0, 0, 1, 0, 0, 0, 0],
          [0, 0, 0, 0, 1, 0, 0, 0],
          [0, 0, 1, 1, 1, 1, 0, 0],
          [0, 0, 0, 0, 0, 0, 0, 0],
          [0, 0, 0, 0, 0, 0, 0, 0]];
    matriz4 = [[0, 0, 0, 0, 0, 0, 0, 0],
          [0, 0, 1, 0, 0, 1, 0, 0],
          [0, 0, 1, 1, 1, 1, 0, 0],
          [0, 0, 0, 0, 0, 0, 0, 0],
          [0, 0, 0, 0, 0, 0, 0, 0],
          [0, 0, 1, 1, 1, 1, 0, 0],
          [0, 0, 1, 0, 0, 1, 0, 0],
          [0, 0, 0, 0, 0, 0, 0, 0]];
    PrintLed(1,1,True);
    Delay(100,"Mil");
    PrintLedX("M",0,matriz2);
    Delay(1,"Seg");
    PrintLedX("M",0,matriz3);
    Delay(2,"Seg");
    PrintLedX("M",0,matriz4);
    Delay(1,"Seg");
    PrintLedX("M",0,matriz3);
    Delay(3,"Seg");
    PrintLedX("M",0,matriz2);
};
